2652671753415564515232665645452472614476527712231
2412563752367656115322752313736113551252461236553
7271234415315225172464144724527256117412534455647
6127262741253557453576253534762524753514756532726
6526714134254217465523441635361743542722634234773
1765577721654571676313645627627647257312565334731
4353654124753647163473436612375541173644231177247
4146626341723674344176532163772416112736542765775
6671553374445613667126457314754416754235717634467
2545376611277447155231436247337176475336411767313
3751776426375653254612176645642757174647323744616
6367764347154611517324762716233114715664637143551
4756122517261431345571543132176713574542432515347
6237576237747147231533762635647562454167367761643
2165712172544376546213613544613265761461315371446