613954842848536319665396414854562183571483292437271454127842538426835721389488168
171436793633764529544611377334249827477925413156873983322857186362643735798453262
874573992419688546142935371685718984383689441726334785571897243394422617257541889
942876173761691322383112697439271823178629256627148941191783314865147259384981782
595733466438395161787162653847716158371619875667844527856471239623548234562961184
382356472365874586818277614589461325762128538271815169618512773457718412147883241
518872256297841324235812849788369432564147581672354691633295547951433868389185174
696531435124438239185947165611713892973485643712529657419675518852694371538516452
354324819845595332297266144364941175674154671681417921729338157915815244831761591
218473891859668346616728132173925684322693418694157326448216769921284576453639414
384715423559456881471127659214735182152568934561541793932274416856395223491652345
364786351496112537922462718128816563815426487753143926833911565381259678514635196
193853764576148392784719823662931641685728125461325789236456517185277931318532472
536586269376692415759116776693842537461953752877125923713656742584357696526539784
182759633445531427727893411457252193514568178664126945661942355373611582498416316